%  SAM: /home/polly/dev/software/flu-amd/LABEL_RES/third_party/modelfromalign_Linux_x86_64 v3.5 (July 15, 2005) compiled 04/30/25_16:50:50
%  (c) 1992-2001 Regents of the University of California, Santa Cruz
%
%          Sequence Alignment and Modeling Software System
%         http://www.cse.ucsc.edu/research/compbio/sam.html
%
% ----------------- Citations (SAM, SAM-T2K, HMMs) --------------------
% R. Hughey, A. Krogh, Hidden Markov models for sequence analysis:
%  Extension and analysis of the basic method, CABIOS 12:95-107, 1996.
% K. Karplus, et al., What is the value added by human intervention in protein
%  structure prediction, Proteins: Stucture, Function, Genetics 45(S5):86--91, 2001.
% A. Krogh et al., Hidden Markov models in computational biology:
%  Applications to protein modeling, JMB 235:1501-1531, Feb 1994.
% ---------------------------------------------------------------------
%  CHIKV_Asian_hmm   Host: wujie14    Sat May 16 09:33:09 2026
%  polly             Dir:  /home/polly/dev/software/lable_dev/chikv_b
% ---------------------------------------------------------------------
%  Alignment weights from internal calc.  Total (20.25) Max (0.13) Min (0.05)
%  Weights from alignment method 1 (karplus), b=-1.000000, e=0.500000
MODEL --  Model from alignment file CHIKV_Asian.aln2
alphabet DNA
FREQAVE
0.000000 0.000000 0.000000 
0.000000 0.000000 0.000000 
0.000000 0.000000 0.000000 
0.295639 0.253732 0.241488 0.209140 
0.295639 0.253732 0.241488 0.209140 
Begin
0.000000 0.000000 0.000000 
0.000000 0.000000 0.000000 
0.000000 0.007329 0.491768 
0.250000 0.250000 0.250000 0.250000 
0.250000 0.250000 0.250000 0.250000 
   1
0.000000 0.007025 0.046210 
0.000000 0.985646 0.462022 
0.057405 0.007329 0.491768 
0.844224 0.011766 0.111699 0.032312 
0.250000 0.250000 0.250000 0.250000 
   2
0.479817 0.007025 0.046210 
0.462778 0.985646 0.462022 
0.057405 0.007329 0.491768 
0.034796 0.011766 0.011766 0.941673 
0.250000 0.250000 0.250000 0.250000 
   3
0.479817 0.007025 0.046210 
0.462778 0.985646 0.462022 
0.057405 0.007329 0.491768 
0.019892 0.921159 0.011766 0.047183 
0.250000 0.250000 0.250000 0.250000 
   4
0.479817 0.007025 0.046210 
0.462778 0.985646 0.462022 
0.057405 0.007329 0.491768 
0.011766 0.964703 0.011766 0.011766 
0.250000 0.250000 0.250000 0.250000 
   5
0.479817 0.007025 0.046210 
0.462778 0.985646 0.462022 
0.057405 0.007329 0.491768 
0.011766 0.011766 0.964703 0.011766 
0.250000 0.250000 0.250000 0.250000 
   6
0.479817 0.007025 0.046210 
0.462778 0.985646 0.462022 
0.057405 0.007329 0.491768 
0.047183 0.011766 0.011766 0.929286 
0.250000 0.250000 0.250000 0.250000 
   7
0.479817 0.007025 0.046210 
0.462778 0.985646 0.462022 
0.057405 0.007329 0.491768 
0.030074 0.946395 0.011766 0.011766 
0.250000 0.250000 0.250000 0.250000 
   8
0.479817 0.007025 0.046210 
0.462778 0.985646 0.462022 
0.057405 0.007329 0.491768 
0.011766 0.011766 0.964703 0.011766 
0.250000 0.250000 0.250000 0.250000 
   9
0.479817 0.027762 0.046210 
0.462778 0.964909 0.462022 
0.048184 0.007484 0.491768 
0.012198 0.963407 0.012198 0.012198 
0.250000 0.250000 0.250000 0.250000 
  10
0.563371 0.007174 0.046210 
0.388444 0.985342 0.462022 
0.048184 0.007484 0.491768 
0.012198 0.012198 0.014773 0.960832 
0.250000 0.250000 0.250000 0.250000 
  11
0.563371 0.007174 0.046210 
0.388444 0.985342 0.462022 
0.048184 0.007484 0.491768 
0.012198 0.963407 0.012198 0.012198 
0.250000 0.250000 0.250000 0.250000 
  12
0.563371 0.007174 0.046210 
0.388444 0.985342 0.462022 
0.048184 0.007484 0.491768 
0.944427 0.012198 0.012198 0.031178 
0.250000 0.250000 0.250000 0.250000 
  13
0.563371 0.007174 0.046210 
0.388444 0.985342 0.462022 
0.048184 0.007484 0.491768 
0.014791 0.960814 0.012198 0.012198 
0.250000 0.250000 0.250000 0.250000 
  14
0.563371 0.007174 0.046210 
0.388444 0.985342 0.462022 
0.048184 0.007484 0.491768 
0.944427 0.012198 0.012198 0.031178 
0.250000 0.250000 0.250000 0.250000 
  15
0.563371 0.007174 0.046210 
0.388444 0.985342 0.462022 
0.048184 0.007484 0.491768 
0.014791 0.012198 0.957974 0.015038 
0.250000 0.250000 0.250000 0.250000 
  16
0.563371 0.007174 0.046210 
0.388444 0.985342 0.462022 
0.048184 0.007484 0.491768 
0.953373 0.012198 0.012198 0.022232 
0.250000 0.250000 0.250000 0.250000 
  17
0.413552 0.007174 0.046210 
0.538263 0.985342 0.462022 
0.056676 0.007339 0.491768 
0.011794 0.014301 0.962112 0.011794 
0.250000 0.250000 0.250000 0.250000 
  18
0.473719 0.007035 0.046210 
0.469606 0.985626 0.462022 
0.057405 0.007329 0.491768 
0.949270 0.014267 0.011766 0.024698 
0.250000 0.250000 0.250000 0.250000 
  19
0.479817 0.007025 0.046210 
0.462778 0.985646 0.462022 
0.057405 0.007329 0.491768 
0.011766 0.011766 0.964703 0.011766 
0.250000 0.250000 0.250000 0.250000 
  20
0.479817 0.007025 0.046210 
0.462778 0.985646 0.462022 
0.057405 0.007329 0.491768 
0.014653 0.961815 0.011766 0.011766 
0.250000 0.250000 0.250000 0.250000 
  21
0.479817 0.008489 0.046210 
0.462778 0.984182 0.462022 
0.056640 0.007340 0.491768 
0.011795 0.011795 0.021499 0.954911 
0.250000 0.250000 0.250000 0.250000 
  22
0.486753 0.007035 0.046210 
0.456607 0.985625 0.462022 
0.056640 0.007340 0.491768 
0.964615 0.011795 0.011795 0.011795 
0.250000 0.250000 0.250000 0.250000 
  23
0.486753 0.007035 0.046210 
0.456607 0.985625 0.462022 
0.056640 0.007340 0.491768 
0.011795 0.964615 0.011795 0.011795 
0.250000 0.250000 0.250000 0.250000 
  24
0.486753 0.007035 0.046210 
0.456607 0.985625 0.462022 
0.056640 0.007340 0.491768 
0.011795 0.011795 0.964615 0.011795 
0.250000 0.250000 0.250000 0.250000 
  25
0.473420 0.007035 0.046210 
0.469941 0.985625 0.462022 
0.057405 0.007329 0.491768 
0.011766 0.011766 0.964703 0.011766 
0.250000 0.250000 0.250000 0.250000 
  26
0.479817 0.007025 0.046210 
0.462778 0.985646 0.462022 
0.057405 0.007329 0.491768 
0.014077 0.011766 0.011766 0.962392 
0.250000 0.250000 0.250000 0.250000 
  27
0.479817 0.007025 0.046210 
0.462778 0.985646 0.462022 
0.057405 0.007329 0.491768 
0.959891 0.014267 0.011766 0.014077 
0.250000 0.250000 0.250000 0.250000 
  28
0.479817 0.007025 0.046210 
0.462778 0.985646 0.462022 
0.057405 0.007329 0.491768 
0.011766 0.011766 0.929870 0.046599 
0.250000 0.250000 0.250000 0.250000 
  29
0.479817 0.007025 0.046210 
0.462778 0.985646 0.462022 
0.057405 0.007329 0.491768 
0.011766 0.011766 0.957917 0.018552 
0.250000 0.250000 0.250000 0.250000 
  30
0.479817 0.007025 0.046210 
0.462778 0.985646 0.462022 
0.057405 0.007329 0.491768 
0.962318 0.014151 0.011766 0.011766 
0.250000 0.250000 0.250000 0.250000 
  31
0.479817 0.007025 0.046210 
0.462778 0.985646 0.462022 
0.057405 0.007329 0.491768 
0.011766 0.960992 0.011766 0.015477 
0.250000 0.250000 0.250000 0.250000 
  32
0.479817 0.007025 0.046210 
0.462778 0.985646 0.462022 
0.057405 0.007329 0.491768 
0.011766 0.011766 0.011766 0.964703 
0.250000 0.250000 0.250000 0.250000 
  33
0.479817 0.007025 0.046210 
0.462778 0.985646 0.462022 
0.057405 0.007329 0.491768 
0.011766 0.011766 0.011766 0.964703 
0.250000 0.250000 0.250000 0.250000 
  34
0.479817 0.007025 0.046210 
0.462778 0.985646 0.462022 
0.057405 0.007329 0.491768 
0.011766 0.011766 0.011766 0.964703 
0.250000 0.250000 0.250000 0.250000 
  35
0.479817 0.007025 0.046210 
0.462778 0.985646 0.462022 
0.057405 0.007329 0.491768 
0.011766 0.011766 0.964703 0.011766 
0.250000 0.250000 0.250000 0.250000 
  36
0.479817 0.007025 0.046210 
0.462778 0.985646 0.462022 
0.057405 0.007329 0.491768 
0.011766 0.011766 0.011766 0.964703 
0.250000 0.250000 0.250000 0.250000 
  37
0.479817 0.007025 0.046210 
0.462778 0.985646 0.462022 
0.057405 0.007329 0.491768 
0.011766 0.011766 0.011766 0.964703 
0.250000 0.250000 0.250000 0.250000 
  38
0.479817 0.007025 0.046210 
0.462778 0.985646 0.462022 
0.057405 0.007329 0.491768 
0.964703 0.011766 0.011766 0.011766 
0.250000 0.250000 0.250000 0.250000 
  39
0.479817 0.007025 0.046210 
0.462778 0.985646 0.462022 
0.057405 0.007329 0.491768 
0.011766 0.011766 0.964703 0.011766 
0.250000 0.250000 0.250000 0.250000 
  40
0.479817 0.007025 0.046210 
0.462778 0.985646 0.462022 
0.057405 0.007329 0.491768 
0.011766 0.011766 0.011766 0.964703 
0.250000 0.250000 0.250000 0.250000 
  41
0.479817 0.007025 0.046210 
0.462778 0.985646 0.462022 
0.057405 0.007329 0.491768 
0.011766 0.964703 0.011766 0.011766 
0.250000 0.250000 0.250000 0.250000 
  42
0.479817 0.007025 0.046210 
0.462778 0.985646 0.462022 
0.057405 0.007329 0.491768 
0.011766 0.011766 0.964703 0.011766 
0.250000 0.250000 0.250000 0.250000 
  43
0.479817 0.007025 0.046210 
0.462778 0.985646 0.462022 
0.057405 0.007329 0.491768 
0.011766 0.011766 0.011766 0.964703 
0.250000 0.250000 0.250000 0.250000 
  44
0.479817 0.007025 0.046210 
0.462778 0.985646 0.462022 
0.057405 0.007329 0.491768 
0.011766 0.011766 0.964703 0.011766 
0.250000 0.250000 0.250000 0.250000 
  45
0.479817 0.007025 0.046210 
0.462778 0.985646 0.462022 
0.057405 0.007329 0.491768 
0.011766 0.011766 0.011766 0.964703 
0.250000 0.250000 0.250000 0.250000 
  46
0.479817 0.007025 0.046210 
0.462778 0.985646 0.462022 
0.057405 0.007329 0.491768 
0.964703 0.011766 0.011766 0.011766 
0.250000 0.250000 0.250000 0.250000 
  47
0.479817 0.007025 0.046210 
0.462778 0.985646 0.462022 
0.057405 0.007329 0.491768 
0.011766 0.011766 0.964703 0.011766 
0.250000 0.250000 0.250000 0.250000 
  48
0.479817 0.007025 0.046210 
0.462778 0.985646 0.462022 
0.057405 0.007329 0.491768 
0.011766 0.011766 0.011766 0.964703 
0.250000 0.250000 0.250000 0.250000 
  49
0.479817 0.007025 0.046210 
0.462778 0.985646 0.462022 
0.057405 0.007329 0.491768 
0.011766 0.011766 0.964703 0.011766 
0.250000 0.250000 0.250000 0.250000 
  50
0.479817 0.007025 0.046210 
0.462778 0.985646 0.462022 
0.057405 0.007329 0.491768 
0.011766 0.011766 0.011766 0.964703 
0.250000 0.250000 0.250000 0.250000 
  51
0.479817 0.007025 0.046210 
0.462778 0.985646 0.462022 
0.057405 0.007329 0.491768 
0.011766 0.964703 0.011766 0.011766 
0.250000 0.250000 0.250000 0.250000 
  52
0.479817 0.007025 0.046210 
0.462778 0.985646 0.462022 
0.057405 0.007329 0.491768 
0.011766 0.011766 0.964703 0.011766 
0.250000 0.250000 0.250000 0.250000 
  53
0.479817 0.007025 0.046210 
0.462778 0.985646 0.462022 
0.057405 0.007329 0.491768 
0.964703 0.011766 0.011766 0.011766 
0.250000 0.250000 0.250000 0.250000 
  54
0.479817 0.007025 0.046210 
0.462778 0.985646 0.462022 
0.057405 0.007329 0.491768 
0.964703 0.011766 0.011766 0.011766 
0.250000 0.250000 0.250000 0.250000 
  55
0.479817 0.007025 0.046210 
0.462778 0.985646 0.462022 
0.057405 0.007329 0.491768 
0.964703 0.011766 0.011766 0.011766 
0.250000 0.250000 0.250000 0.250000 
  56
0.479817 0.007025 0.046210 
0.462778 0.985646 0.462022 
0.057405 0.007329 0.491768 
0.011766 0.964703 0.011766 0.011766 
0.250000 0.250000 0.250000 0.250000 
  57
0.479817 0.007025 0.046210 
0.462778 0.985646 0.462022 
0.057405 0.007329 0.491768 
0.011766 0.011766 0.964703 0.011766 
0.250000 0.250000 0.250000 0.250000 
  58
0.479817 0.007025 0.046210 
0.462778 0.985646 0.462022 
0.057405 0.007329 0.491768 
0.962304 0.014165 0.011766 0.011766 
0.250000 0.250000 0.250000 0.250000 
  59
0.479817 0.007025 0.046210 
0.462778 0.985646 0.462022 
0.057405 0.007329 0.491768 
0.964703 0.011766 0.011766 0.011766 
0.250000 0.250000 0.250000 0.250000 
  60
0.479817 0.007025 0.046210 
0.462778 0.985646 0.462022 
0.057405 0.007329 0.491768 
0.011766 0.964703 0.011766 0.011766 
0.250000 0.250000 0.250000 0.250000 
  61
0.479817 0.007025 0.046210 
0.462778 0.985646 0.462022 
0.057405 0.007329 0.491768 
0.964703 0.011766 0.011766 0.011766 
0.250000 0.250000 0.250000 0.250000 
  62
0.479817 0.007025 0.046210 
0.462778 0.985646 0.462022 
0.057405 0.007329 0.491768 
0.011766 0.964703 0.011766 0.011766 
0.250000 0.250000 0.250000 0.250000 
  63
0.479817 0.007025 0.046210 
0.462778 0.985646 0.462022 
0.057405 0.007329 0.491768 
0.964703 0.011766 0.011766 0.011766 
0.250000 0.250000 0.250000 0.250000 
  64
0.479817 0.007025 0.046210 
0.462778 0.985646 0.462022 
0.057405 0.007329 0.491768 
0.011766 0.011766 0.011766 0.964703 
0.250000 0.250000 0.250000 0.250000 
  65
0.479817 0.007025 0.046210 
0.462778 0.985646 0.462022 
0.057405 0.007329 0.491768 
0.011766 0.011766 0.032854 0.943615 
0.250000 0.250000 0.250000 0.250000 
  66
0.479817 0.007025 0.046210 
0.462778 0.985646 0.462022 
0.057405 0.007329 0.491768 
0.964703 0.011766 0.011766 0.011766 
0.250000 0.250000 0.250000 0.250000 
  67
0.479817 0.007025 0.046210 
0.462778 0.985646 0.462022 
0.057405 0.007329 0.491768 
0.964703 0.011766 0.011766 0.011766 
0.250000 0.250000 0.250000 0.250000 
  68
0.479817 0.007025 0.046210 
0.462778 0.985646 0.462022 
0.057405 0.007329 0.491768 
0.011766 0.011766 0.014076 0.962393 
0.250000 0.250000 0.250000 0.250000 
  69
0.479817 0.007025 0.046210 
0.462778 0.985646 0.462022 
0.057405 0.007329 0.491768 
0.964703 0.011766 0.011766 0.011766 
0.250000 0.250000 0.250000 0.250000 
  70
0.479817 0.007025 0.046210 
0.462778 0.985646 0.462022 
0.057405 0.007329 0.491768 
0.964703 0.011766 0.011766 0.011766 
0.250000 0.250000 0.250000 0.250000 
  71
0.479817 0.007025 0.046210 
0.462778 0.985646 0.462022 
0.057405 0.007329 0.491768 
0.011766 0.011766 0.964703 0.011766 
0.250000 0.250000 0.250000 0.250000 
  72
0.479817 0.007025 0.046210 
0.462778 0.985646 0.462022 
0.057405 0.007329 0.491768 
0.011766 0.011766 0.964703 0.011766 
0.250000 0.250000 0.250000 0.250000 
  73
0.479817 0.007025 0.046210 
0.462778 0.985646 0.462022 
0.057405 0.007329 0.491768 
0.011766 0.011766 0.964703 0.011766 
0.250000 0.250000 0.250000 0.250000 
  74
0.479817 0.007025 0.046210 
0.462778 0.985646 0.462022 
0.057405 0.007329 0.491768 
0.964703 0.011766 0.011766 0.011766 
0.250000 0.250000 0.250000 0.250000 
  75
0.479817 0.007025 0.046210 
0.462778 0.985646 0.462022 
0.057405 0.007329 0.491768 
0.011766 0.011766 0.011766 0.964703 
0.250000 0.250000 0.250000 0.250000 
  76
0.479817 0.007025 0.046210 
0.462778 0.985646 0.462022 
0.057405 0.007329 0.491768 
0.011766 0.011766 0.964703 0.011766 
0.250000 0.250000 0.250000 0.250000 
  77
0.479817 0.007025 0.046210 
0.462778 0.985646 0.462022 
0.057405 0.007329 0.491768 
0.964703 0.011766 0.011766 0.011766 
0.250000 0.250000 0.250000 0.250000 
  78
0.479817 0.007025 0.046210 
0.462778 0.985646 0.462022 
0.057405 0.007329 0.491768 
0.011766 0.011766 0.011766 0.964703 
0.250000 0.250000 0.250000 0.250000 
  79
0.479817 0.007025 0.046210 
0.462778 0.985646 0.462022 
0.057405 0.007329 0.491768 
0.011766 0.964703 0.011766 0.011766 
0.250000 0.250000 0.250000 0.250000 
  80
0.479817 0.007025 0.046210 
0.462778 0.985646 0.462022 
0.057405 0.007329 0.491768 
0.011766 0.964703 0.011766 0.011766 
0.250000 0.250000 0.250000 0.250000 
  81
0.479817 0.007025 0.046210 
0.462778 0.985646 0.462022 
0.057405 0.007329 0.491768 
0.964703 0.011766 0.011766 0.011766 
0.250000 0.250000 0.250000 0.250000 
  82
0.479817 0.007025 0.046210 
0.462778 0.985646 0.462022 
0.057405 0.007329 0.491768 
0.011766 0.011766 0.011766 0.964703 
0.250000 0.250000 0.250000 0.250000 
  83
0.479817 0.007025 0.046210 
0.462778 0.985646 0.462022 
0.057405 0.007329 0.491768 
0.011766 0.011766 0.011766 0.964703 
0.250000 0.250000 0.250000 0.250000 
  84
0.479817 0.007025 0.046210 
0.462778 0.985646 0.462022 
0.057405 0.007329 0.491768 
0.011766 0.011766 0.964703 0.011766 
0.250000 0.250000 0.250000 0.250000 
  85
0.479817 0.007025 0.046210 
0.462778 0.985646 0.462022 
0.057405 0.007329 0.491768 
0.011766 0.011766 0.011766 0.964703 
0.250000 0.250000 0.250000 0.250000 
  86
0.479817 0.007025 0.046210 
0.462778 0.985646 0.462022 
0.057405 0.007329 0.491768 
0.011766 0.964703 0.011766 0.011766 
0.250000 0.250000 0.250000 0.250000 
  87
0.479817 0.007025 0.046210 
0.462778 0.985646 0.462022 
0.057405 0.007329 0.491768 
0.011766 0.011766 0.011766 0.964703 
0.250000 0.250000 0.250000 0.250000 
  88
0.479817 0.007025 0.046210 
0.462778 0.985646 0.462022 
0.057405 0.007329 0.491768 
0.011766 0.964703 0.011766 0.011766 
0.250000 0.250000 0.250000 0.250000 
  89
0.479817 0.007025 0.046210 
0.462778 0.985646 0.462022 
0.057405 0.007329 0.491768 
0.011766 0.011766 0.011766 0.964703 
0.250000 0.250000 0.250000 0.250000 
  90
0.479817 0.007025 0.046210 
0.462778 0.985646 0.462022 
0.057405 0.007329 0.491768 
0.964703 0.011766 0.011766 0.011766 
0.250000 0.250000 0.250000 0.250000 
  91
0.479817 0.007025 0.046210 
0.462778 0.985646 0.462022 
0.057405 0.007329 0.491768 
0.011766 0.011766 0.964703 0.011766 
0.250000 0.250000 0.250000 0.250000 
  92
0.479817 0.007025 0.046210 
0.462778 0.985646 0.462022 
0.057405 0.007329 0.491768 
0.011766 0.964703 0.011766 0.011766 
0.250000 0.250000 0.250000 0.250000 
  93
0.479817 0.007025 0.046210 
0.462778 0.985646 0.462022 
0.057405 0.007329 0.491768 
0.011766 0.011766 0.011766 0.964703 
0.250000 0.250000 0.250000 0.250000 
  94
0.479817 0.007025 0.046210 
0.462778 0.985646 0.462022 
0.057405 0.007329 0.491768 
0.011766 0.964703 0.011766 0.011766 
0.250000 0.250000 0.250000 0.250000 
  95
0.479817 0.007025 0.046210 
0.462778 0.985646 0.462022 
0.057405 0.007329 0.491768 
0.011766 0.964703 0.011766 0.011766 
0.250000 0.250000 0.250000 0.250000 
  96
0.479817 0.007025 0.046210 
0.462778 0.985646 0.462022 
0.057405 0.007329 0.491768 
0.964703 0.011766 0.011766 0.011766 
0.250000 0.250000 0.250000 0.250000 
  97
0.479817 0.007025 0.046210 
0.462778 0.985646 0.462022 
0.057405 0.007329 0.491768 
0.011766 0.011766 0.046352 0.930117 
0.250000 0.250000 0.250000 0.250000 
  98
0.479817 0.007025 0.046210 
0.462778 0.985646 0.462022 
0.057405 0.007329 0.491768 
0.964703 0.011766 0.011766 0.011766 
0.250000 0.250000 0.250000 0.250000 
  99
0.479817 0.007025 0.046210 
0.462778 0.985646 0.462022 
0.057405 0.007329 0.491768 
0.011766 0.011766 0.011766 0.964703 
0.250000 0.250000 0.250000 0.250000 
 100
0.479817 0.007025 0.046210 
0.462778 0.985646 0.462022 
0.057405 0.007329 0.491768 
0.964703 0.011766 0.011766 0.011766 
0.250000 0.250000 0.250000 0.250000 
 101
0.479817 0.007025 0.046210 
0.462778 0.985646 0.462022 
0.057405 0.007329 0.491768 
0.011766 0.964703 0.011766 0.011766 
0.250000 0.250000 0.250000 0.250000 
 102
0.479817 0.007025 0.046210 
0.462778 0.985646 0.462022 
0.057405 0.007329 0.491768 
0.964703 0.011766 0.011766 0.011766 
0.250000 0.250000 0.250000 0.250000 
 103
0.479817 0.007025 0.046210 
0.462778 0.985646 0.462022 
0.057405 0.007329 0.491768 
0.011766 0.011766 0.964703 0.011766 
0.250000 0.250000 0.250000 0.250000 
 104
0.479817 0.007025 0.046210 
0.462778 0.985646 0.462022 
0.057405 0.007329 0.491768 
0.011766 0.964703 0.011766 0.011766 
0.250000 0.250000 0.250000 0.250000 
 105
0.479817 0.007025 0.046210 
0.462778 0.985646 0.462022 
0.057405 0.007329 0.491768 
0.011766 0.011766 0.964703 0.011766 
0.250000 0.250000 0.250000 0.250000 
 106
0.479817 0.007025 0.046210 
0.462778 0.985646 0.462022 
0.057405 0.007329 0.491768 
0.011766 0.011766 0.011766 0.964703 
0.250000 0.250000 0.250000 0.250000 
 107
0.479817 0.007025 0.046210 
0.462778 0.985646 0.462022 
0.057405 0.007329 0.491768 
0.011766 0.964703 0.011766 0.011766 
0.250000 0.250000 0.250000 0.250000 
 108
0.479817 0.007025 0.046210 
0.462778 0.985646 0.462022 
0.057405 0.007329 0.491768 
0.964703 0.011766 0.011766 0.011766 
0.250000 0.250000 0.250000 0.250000 
 109
0.479817 0.007025 0.046210 
0.462778 0.985646 0.462022 
0.057405 0.007329 0.491768 
0.011766 0.011766 0.964703 0.011766 
0.250000 0.250000 0.250000 0.250000 
 110
0.479817 0.007025 0.046210 
0.462778 0.985646 0.462022 
0.057405 0.007329 0.491768 
0.964703 0.011766 0.011766 0.011766 
0.250000 0.250000 0.250000 0.250000 
 111
0.479817 0.007025 0.046210 
0.462778 0.985646 0.462022 
0.057405 0.007329 0.491768 
0.011766 0.964703 0.011766 0.011766 
0.250000 0.250000 0.250000 0.250000 
 112
0.479817 0.007025 0.046210 
0.462778 0.985646 0.462022 
0.057405 0.007329 0.491768 
0.011766 0.011766 0.964703 0.011766 
0.250000 0.250000 0.250000 0.250000 
 113
0.479817 0.007025 0.046210 
0.462778 0.985646 0.462022 
0.057405 0.007329 0.491768 
0.011766 0.964703 0.011766 0.011766 
0.250000 0.250000 0.250000 0.250000 
 114
0.479817 0.007025 0.046210 
0.462778 0.985646 0.462022 
0.057405 0.007329 0.491768 
0.011766 0.011766 0.964703 0.011766 
0.250000 0.250000 0.250000 0.250000 
 115
0.479817 0.007025 0.046210 
0.462778 0.985646 0.462022 
0.057405 0.007329 0.491768 
0.011766 0.011766 0.964703 0.011766 
0.250000 0.250000 0.250000 0.250000 
 116
0.479817 0.007025 0.046210 
0.462778 0.985646 0.462022 
0.057405 0.007329 0.491768 
0.011766 0.011766 0.011766 0.964703 
0.250000 0.250000 0.250000 0.250000 
 117
0.479817 0.007025 0.046210 
0.462778 0.985646 0.462022 
0.057405 0.007329 0.491768 
0.011766 0.011766 0.011766 0.964703 
0.250000 0.250000 0.250000 0.250000 
 118
0.479817 0.007025 0.046210 
0.462778 0.985646 0.462022 
0.057405 0.007329 0.491768 
0.011766 0.011766 0.011766 0.964703 
0.250000 0.250000 0.250000 0.250000 
 119
0.479817 0.007025 0.046210 
0.462778 0.985646 0.462022 
0.057405 0.007329 0.491768 
0.011766 0.011766 0.011766 0.964703 
0.250000 0.250000 0.250000 0.250000 
 120
0.479817 0.007025 0.046210 
0.462778 0.985646 0.462022 
0.057405 0.007329 0.491768 
0.011766 0.011766 0.011766 0.964703 
0.250000 0.250000 0.250000 0.250000 
 121
0.479817 0.007025 0.046210 
0.462778 0.985646 0.462022 
0.057405 0.007329 0.491768 
0.011766 0.964703 0.011766 0.011766 
0.250000 0.250000 0.250000 0.250000 
 122
0.479817 0.007025 0.046210 
0.462778 0.985646 0.462022 
0.057405 0.007329 0.491768 
0.964703 0.011766 0.011766 0.011766 
0.250000 0.250000 0.250000 0.250000 
 123
0.479817 0.007025 0.046210 
0.462778 0.985646 0.462022 
0.057405 0.007329 0.491768 
0.964703 0.011766 0.011766 0.011766 
0.250000 0.250000 0.250000 0.250000 
 124
0.479817 0.007025 0.046210 
0.462778 0.985646 0.462022 
0.057405 0.007329 0.491768 
0.011766 0.964703 0.011766 0.011766 
0.250000 0.250000 0.250000 0.250000 
 125
0.479817 0.007025 0.046210 
0.462778 0.985646 0.462022 
0.057405 0.007329 0.491768 
0.011766 0.964703 0.011766 0.011766 
0.250000 0.250000 0.250000 0.250000 
 126
0.479817 0.007025 0.046210 
0.462778 0.985646 0.462022 
0.057405 0.007329 0.491768 
0.011766 0.011766 0.964703 0.011766 
0.250000 0.250000 0.250000 0.250000 
 127
0.479817 0.007025 0.046210 
0.462778 0.985646 0.462022 
0.057405 0.007329 0.491768 
0.011766 0.011766 0.964703 0.011766 
0.250000 0.250000 0.250000 0.250000 
 128
0.479817 0.007025 0.046210 
0.462778 0.985646 0.462022 
0.057405 0.007329 0.491768 
0.011766 0.011766 0.964703 0.011766 
0.250000 0.250000 0.250000 0.250000 
 129
0.479817 0.007025 0.046210 
0.462778 0.985646 0.462022 
0.057405 0.007329 0.491768 
0.011766 0.011766 0.011766 0.964703 
0.250000 0.250000 0.250000 0.250000 
 130
0.479817 0.007025 0.046210 
0.462778 0.985646 0.462022 
0.057405 0.007329 0.491768 
0.011766 0.964703 0.011766 0.011766 
0.250000 0.250000 0.250000 0.250000 
 131
0.479817 0.007025 0.046210 
0.462778 0.985646 0.462022 
0.057405 0.007329 0.491768 
0.011766 0.011766 0.964703 0.011766 
0.250000 0.250000 0.250000 0.250000 
 132
0.479817 0.007025 0.046210 
0.462778 0.985646 0.462022 
0.057405 0.007329 0.491768 
0.964703 0.011766 0.011766 0.011766 
0.250000 0.250000 0.250000 0.250000 
 133
0.479817 0.007025 0.046210 
0.462778 0.985646 0.462022 
0.057405 0.007329 0.491768 
0.964703 0.011766 0.011766 0.011766 
0.250000 0.250000 0.250000 0.250000 
 134
0.479817 0.007025 0.046210 
0.462778 0.985646 0.462022 
0.057405 0.007329 0.491768 
0.024698 0.011766 0.951771 0.011766 
0.250000 0.250000 0.250000 0.250000 
 135
0.479817 0.007025 0.046210 
0.462778 0.985646 0.462022 
0.057405 0.007329 0.491768 
0.011766 0.964703 0.011766 0.011766 
0.250000 0.250000 0.250000 0.250000 
 136
0.479817 0.007025 0.046210 
0.462778 0.985646 0.462022 
0.057405 0.007329 0.491768 
0.011766 0.011766 0.011766 0.964703 
0.250000 0.250000 0.250000 0.250000 
 137
0.479817 0.007025 0.046210 
0.462778 0.985646 0.462022 
0.057405 0.007329 0.491768 
0.011766 0.964703 0.011766 0.011766 
0.250000 0.250000 0.250000 0.250000 
 138
0.479817 0.007025 0.046210 
0.462778 0.985646 0.462022 
0.057405 0.007329 0.491768 
0.011766 0.011766 0.964703 0.011766 
0.250000 0.250000 0.250000 0.250000 
 139
0.479817 0.007025 0.046210 
0.462778 0.985646 0.462022 
0.057405 0.007329 0.491768 
0.011766 0.964703 0.011766 0.011766 
0.250000 0.250000 0.250000 0.250000 
 140
0.479817 0.007025 0.046210 
0.462778 0.985646 0.462022 
0.057405 0.007329 0.491768 
0.011766 0.011766 0.011766 0.964703 
0.250000 0.250000 0.250000 0.250000 
 141
0.479817 0.007025 0.046210 
0.462778 0.985646 0.462022 
0.057405 0.007329 0.491768 
0.964703 0.011766 0.011766 0.011766 
0.250000 0.250000 0.250000 0.250000 
 142
0.479817 0.007025 0.046210 
0.462778 0.985646 0.462022 
0.057405 0.007329 0.491768 
0.011766 0.011766 0.964703 0.011766 
0.250000 0.250000 0.250000 0.250000 
 143
0.479817 0.007025 0.046210 
0.462778 0.985646 0.462022 
0.057405 0.007329 0.491768 
0.011766 0.011766 0.964703 0.011766 
0.250000 0.250000 0.250000 0.250000 
 144
0.479817 0.007025 0.046210 
0.462778 0.985646 0.462022 
0.057405 0.007329 0.491768 
0.011766 0.011766 0.964703 0.011766 
0.250000 0.250000 0.250000 0.250000 
 145
0.479817 0.007025 0.046210 
0.462778 0.985646 0.462022 
0.057405 0.007329 0.491768 
0.011766 0.011766 0.964703 0.011766 
0.250000 0.250000 0.250000 0.250000 
 146
0.479817 0.007025 0.046210 
0.462778 0.985646 0.462022 
0.057405 0.007329 0.491768 
0.964703 0.011766 0.011766 0.011766 
0.250000 0.250000 0.250000 0.250000 
 147
0.479817 0.007025 0.046210 
0.462778 0.985646 0.462022 
0.057405 0.007329 0.491768 
0.011766 0.011766 0.011766 0.964703 
0.250000 0.250000 0.250000 0.250000 
 148
0.479817 0.007025 0.046210 
0.462778 0.985646 0.462022 
0.057405 0.007329 0.491768 
0.011766 0.964703 0.011766 0.011766 
0.250000 0.250000 0.250000 0.250000 
 149
0.479817 0.007025 0.046210 
0.462778 0.985646 0.462022 
0.057405 0.007329 0.491768 
0.011766 0.011766 0.011766 0.964703 
0.250000 0.250000 0.250000 0.250000 
 150
0.479817 0.007025 0.046210 
0.462778 0.985646 0.462022 
0.057405 0.007329 0.491768 
0.011766 0.011766 0.011766 0.964703 
0.250000 0.250000 0.250000 0.250000 
 151
0.479817 0.007025 0.046210 
0.462778 0.985646 0.462022 
0.057405 0.007329 0.491768 
0.011766 0.011766 0.011766 0.964703 
0.250000 0.250000 0.250000 0.250000 
 152
0.479817 0.007025 0.046210 
0.462778 0.985646 0.462022 
0.057405 0.007329 0.491768 
0.011766 0.964703 0.011766 0.011766 
0.250000 0.250000 0.250000 0.250000 
 153
0.479817 0.007025 0.046210 
0.462778 0.985646 0.462022 
0.057405 0.007329 0.491768 
0.964703 0.011766 0.011766 0.011766 
0.250000 0.250000 0.250000 0.250000 
 154
0.479817 0.007025 0.046210 
0.462778 0.985646 0.462022 
0.057405 0.007329 0.491768 
0.011766 0.964703 0.011766 0.011766 
0.250000 0.250000 0.250000 0.250000 
 155
0.479817 0.007025 0.046210 
0.462778 0.985646 0.462022 
0.057405 0.007329 0.491768 
0.011766 0.964703 0.011766 0.011766 
0.250000 0.250000 0.250000 0.250000 
 156
0.479817 0.007025 0.046210 
0.462778 0.985646 0.462022 
0.057405 0.007329 0.491768 
0.011766 0.011766 0.011766 0.964703 
0.250000 0.250000 0.250000 0.250000 
 157
0.479817 0.007025 0.046210 
0.462778 0.985646 0.462022 
0.057405 0.007329 0.491768 
0.011766 0.964703 0.011766 0.011766 
0.250000 0.250000 0.250000 0.250000 
 158
0.479817 0.007025 0.046210 
0.462778 0.985646 0.462022 
0.057405 0.007329 0.491768 
0.011766 0.964703 0.011766 0.011766 
0.250000 0.250000 0.250000 0.250000 
 159
0.479817 0.007025 0.046210 
0.462778 0.985646 0.462022 
0.057405 0.007329 0.491768 
0.964703 0.011766 0.011766 0.011766 
0.250000 0.250000 0.250000 0.250000 
 160
0.479817 0.007025 0.046210 
0.462778 0.985646 0.462022 
0.057405 0.007329 0.491768 
0.964703 0.011766 0.011766 0.011766 
0.250000 0.250000 0.250000 0.250000 
 161
0.479817 0.007025 0.046210 
0.462778 0.985646 0.462022 
0.057405 0.007329 0.491768 
0.011766 0.011766 0.964703 0.011766 
0.250000 0.250000 0.250000 0.250000 
 162
0.479817 0.007025 0.046210 
0.462778 0.985646 0.462022 
0.057405 0.007329 0.491768 
0.011766 0.011766 0.964703 0.011766 
0.250000 0.250000 0.250000 0.250000 
 163
0.479817 0.007025 0.046210 
0.462778 0.985646 0.462022 
0.057405 0.007329 0.491768 
0.011766 0.011766 0.011766 0.964703 
0.250000 0.250000 0.250000 0.250000 
 164
0.479817 0.007025 0.046210 
0.462778 0.985646 0.462022 
0.057405 0.007329 0.491768 
0.964703 0.011766 0.011766 0.011766 
0.250000 0.250000 0.250000 0.250000 
 165
0.479817 0.007025 0.046210 
0.462778 0.985646 0.462022 
0.057405 0.007329 0.491768 
0.011766 0.964703 0.011766 0.011766 
0.250000 0.250000 0.250000 0.250000 
 166
0.479817 0.007025 0.046210 
0.462778 0.985646 0.462022 
0.057405 0.007329 0.491768 
0.011766 0.964703 0.011766 0.011766 
0.250000 0.250000 0.250000 0.250000 
 167
0.479817 0.007025 0.046210 
0.462778 0.985646 0.462022 
0.057405 0.007329 0.491768 
0.011766 0.011766 0.964703 0.011766 
0.250000 0.250000 0.250000 0.250000 
 168
0.479817 0.007025 0.046210 
0.462778 0.985646 0.462022 
0.057405 0.007329 0.491768 
0.964703 0.011766 0.011766 0.011766 
0.250000 0.250000 0.250000 0.250000 
 169
0.479817 0.007025 0.046210 
0.462778 0.985646 0.462022 
0.057405 0.007329 0.491768 
0.011766 0.964703 0.011766 0.011766 
0.250000 0.250000 0.250000 0.250000 
 170
0.479817 0.007025 0.046210 
0.462778 0.985646 0.462022 
0.057405 0.007329 0.491768 
0.011766 0.964703 0.011766 0.011766 
0.250000 0.250000 0.250000 0.250000 
 171
0.479817 0.007025 0.046210 
0.462778 0.985646 0.462022 
0.057405 0.007329 0.491768 
0.011766 0.011766 0.011766 0.964703 
0.250000 0.250000 0.250000 0.250000 
 172
0.479817 0.007025 0.046210 
0.462778 0.985646 0.462022 
0.057405 0.007329 0.491768 
0.011766 0.011766 0.942931 0.033538 
0.250000 0.250000 0.250000 0.250000 
 173
0.479817 0.007025 0.046210 
0.462778 0.985646 0.462022 
0.057405 0.007329 0.491768 
0.964703 0.011766 0.011766 0.011766 
0.250000 0.250000 0.250000 0.250000 
 174
0.479817 0.007025 0.046210 
0.462778 0.985646 0.462022 
0.057405 0.007329 0.491768 
0.011766 0.011766 0.964703 0.011766 
0.250000 0.250000 0.250000 0.250000 
 175
0.479817 0.007025 0.046210 
0.462778 0.985646 0.462022 
0.057405 0.007329 0.491768 
0.956257 0.020212 0.011766 0.011766 
0.250000 0.250000 0.250000 0.250000 
 176
0.479817 0.007025 0.046210 
0.462778 0.985646 0.462022 
0.057405 0.007329 0.491768 
0.011766 0.014773 0.011766 0.961696 
0.250000 0.250000 0.250000 0.250000 
 177
0.479817 0.007025 0.046210 
0.462778 0.985646 0.462022 
0.057405 0.007329 0.491768 
0.011766 0.011766 0.964703 0.011766 
0.250000 0.250000 0.250000 0.250000 
 178
0.479817 0.007025 0.046210 
0.462778 0.985646 0.462022 
0.057405 0.007329 0.491768 
0.877254 0.099215 0.011766 0.011766 
0.250000 0.250000 0.250000 0.250000 
 179
0.479817 0.007025 0.046210 
0.462778 0.985646 0.462022 
0.057405 0.007329 0.491768 
0.964703 0.011766 0.011766 0.011766 
0.250000 0.250000 0.250000 0.250000 
 180
0.479817 0.007025 0.046210 
0.462778 0.985646 0.462022 
0.057405 0.007329 0.491768 
0.964703 0.011766 0.011766 0.011766 
0.250000 0.250000 0.250000 0.250000 
 181
0.479817 0.007025 0.046210 
0.462778 0.985646 0.462022 
0.057405 0.007329 0.491768 
0.011766 0.011766 0.011766 0.964703 
0.250000 0.250000 0.250000 0.250000 
 182
0.479817 0.007025 0.046210 
0.462778 0.985646 0.462022 
0.057405 0.007329 0.491768 
0.011766 0.964703 0.011766 0.011766 
0.250000 0.250000 0.250000 0.250000 
 183
0.479817 0.007025 0.046210 
0.462778 0.985646 0.462022 
0.057405 0.007329 0.491768 
0.964703 0.011766 0.011766 0.011766 
0.250000 0.250000 0.250000 0.250000 
 184
0.479817 0.007025 0.046210 
0.462778 0.985646 0.462022 
0.057405 0.007329 0.491768 
0.011766 0.011766 0.964703 0.011766 
0.250000 0.250000 0.250000 0.250000 
 185
0.479817 0.007025 0.046210 
0.462778 0.985646 0.462022 
0.057405 0.007329 0.491768 
0.011766 0.011766 0.964703 0.011766 
0.250000 0.250000 0.250000 0.250000 
 186
0.479817 0.007025 0.046210 
0.462778 0.985646 0.462022 
0.057405 0.007329 0.491768 
0.964703 0.011766 0.011766 0.011766 
0.250000 0.250000 0.250000 0.250000 
 187
0.479817 0.007025 0.046210 
0.462778 0.985646 0.462022 
0.057405 0.007329 0.491768 
0.011766 0.011766 0.011766 0.964703 
0.250000 0.250000 0.250000 0.250000 
 188
0.479817 0.007025 0.046210 
0.462778 0.985646 0.462022 
0.057405 0.007329 0.491768 
0.011766 0.964703 0.011766 0.011766 
0.250000 0.250000 0.250000 0.250000 
 189
0.479817 0.007025 0.046210 
0.462778 0.985646 0.462022 
0.057405 0.007329 0.491768 
0.011766 0.011766 0.964703 0.011766 
0.250000 0.250000 0.250000 0.250000 
 190
0.479817 0.007025 0.046210 
0.462778 0.985646 0.462022 
0.057405 0.007329 0.491768 
0.011766 0.011766 0.011766 0.964703 
0.250000 0.250000 0.250000 0.250000 
 191
0.479817 0.007025 0.046210 
0.462778 0.985646 0.462022 
0.057405 0.007329 0.491768 
0.964703 0.011766 0.011766 0.011766 
0.250000 0.250000 0.250000 0.250000 
 192
0.479817 0.007025 0.046210 
0.462778 0.985646 0.462022 
0.057405 0.007329 0.491768 
0.964703 0.011766 0.011766 0.011766 
0.250000 0.250000 0.250000 0.250000 
 193
0.479817 0.007025 0.046210 
0.462778 0.985646 0.462022 
0.057405 0.007329 0.491768 
0.011766 0.011766 0.011766 0.964703 
0.250000 0.250000 0.250000 0.250000 
 194
0.479817 0.007025 0.046210 
0.462778 0.985646 0.462022 
0.057405 0.007329 0.491768 
0.011766 0.964703 0.011766 0.011766 
0.250000 0.250000 0.250000 0.250000 
 195
0.479817 0.007025 0.046210 
0.462778 0.985646 0.462022 
0.057405 0.007329 0.491768 
0.011766 0.011766 0.964703 0.011766 
0.250000 0.250000 0.250000 0.250000 
 196
0.479817 0.007025 0.046210 
0.462778 0.985646 0.462022 
0.057405 0.007329 0.491768 
0.011766 0.011766 0.011766 0.964703 
0.250000 0.250000 0.250000 0.250000 
 197
0.479817 0.007025 0.046210 
0.462778 0.985646 0.462022 
0.057405 0.007329 0.491768 
0.964703 0.011766 0.011766 0.011766 
0.250000 0.250000 0.250000 0.250000 
 198
0.479817 0.007025 0.046210 
0.462778 0.985646 0.462022 
0.057405 0.007329 0.491768 
0.011766 0.964703 0.011766 0.011766 
0.250000 0.250000 0.250000 0.250000 
 199
0.479817 0.007025 0.046210 
0.462778 0.985646 0.462022 
0.057405 0.007329 0.491768 
0.964703 0.011766 0.011766 0.011766 
0.250000 0.250000 0.250000 0.250000 
 200
0.479817 0.007025 0.046210 
0.462778 0.985646 0.462022 
0.057405 0.007329 0.491768 
0.011766 0.964703 0.011766 0.011766 
0.250000 0.250000 0.250000 0.250000 
 201
0.479817 0.007025 0.046210 
0.462778 0.985646 0.462022 
0.057405 0.007329 0.491768 
0.011766 0.011766 0.964703 0.011766 
0.250000 0.250000 0.250000 0.250000 
 202
0.479817 0.007025 0.046210 
0.462778 0.985646 0.462022 
0.057405 0.007329 0.491768 
0.027823 0.948646 0.011766 0.011766 
0.250000 0.250000 0.250000 0.250000 
 203
0.479817 0.007025 0.046210 
0.462778 0.985646 0.462022 
0.057405 0.007329 0.491768 
0.011766 0.011766 0.011766 0.964703 
0.250000 0.250000 0.250000 0.250000 
 204
0.479817 0.007025 0.046210 
0.462778 0.985646 0.462022 
0.057405 0.007329 0.491768 
0.011766 0.011766 0.011766 0.964703 
0.250000 0.250000 0.250000 0.250000 
 205
0.479817 0.007025 0.046210 
0.462778 0.985646 0.462022 
0.057405 0.007329 0.491768 
0.011766 0.011766 0.959568 0.016901 
0.250000 0.250000 0.250000 0.250000 
 206
0.479817 0.007025 0.046210 
0.462778 0.985646 0.462022 
0.057405 0.007329 0.491768 
0.011766 0.011766 0.011766 0.964703 
0.250000 0.250000 0.250000 0.250000 
 207
0.479817 0.007025 0.046210 
0.462778 0.985646 0.462022 
0.057405 0.007329 0.491768 
0.011766 0.011766 0.964703 0.011766 
0.250000 0.250000 0.250000 0.250000 
 208
0.479817 0.007025 0.046210 
0.462778 0.985646 0.462022 
0.057405 0.007329 0.491768 
0.011766 0.964703 0.011766 0.011766 
0.250000 0.250000 0.250000 0.250000 
 209
0.479817 0.007025 0.046210 
0.462778 0.985646 0.462022 
0.057405 0.007329 0.491768 
0.011766 0.011766 0.964703 0.011766 
0.250000 0.250000 0.250000 0.250000 
 210
0.479817 0.007025 0.046210 
0.462778 0.985646 0.462022 
0.057405 0.007329 0.491768 
0.964703 0.011766 0.011766 0.011766 
0.250000 0.250000 0.250000 0.250000 
 211
0.479817 0.007025 0.046210 
0.462778 0.985646 0.462022 
0.057405 0.007329 0.491768 
0.011766 0.011766 0.011766 0.964703 
0.250000 0.250000 0.250000 0.250000 
 212
0.479817 0.007025 0.046210 
0.462778 0.985646 0.462022 
0.057405 0.007329 0.491768 
0.011766 0.011766 0.964703 0.011766 
0.250000 0.250000 0.250000 0.250000 
 213
0.479817 0.007025 0.046210 
0.462778 0.985646 0.462022 
0.057405 0.007329 0.491768 
0.011766 0.011766 0.011766 0.964703 
0.250000 0.250000 0.250000 0.250000 
 214
0.479817 0.007025 0.046210 
0.462778 0.985646 0.462022 
0.057405 0.007329 0.491768 
0.964703 0.011766 0.011766 0.011766 
0.250000 0.250000 0.250000 0.250000 
 215
0.479817 0.007025 0.046210 
0.462778 0.985646 0.462022 
0.057405 0.007329 0.491768 
0.011766 0.964703 0.011766 0.011766 
0.250000 0.250000 0.250000 0.250000 
 216
0.479817 0.007025 0.046210 
0.462778 0.985646 0.462022 
0.057405 0.007329 0.491768 
0.011766 0.011766 0.964703 0.011766 
0.250000 0.250000 0.250000 0.250000 
 217
0.479817 0.007025 0.046210 
0.462778 0.985646 0.462022 
0.057405 0.007329 0.491768 
0.011766 0.011766 0.956542 0.019927 
0.250000 0.250000 0.250000 0.250000 
 218
0.479817 0.007025 0.046210 
0.462778 0.985646 0.462022 
0.057405 0.007329 0.491768 
0.956257 0.020212 0.011766 0.011766 
0.250000 0.250000 0.250000 0.250000 
 219
0.479817 0.007025 0.046210 
0.462778 0.985646 0.462022 
0.057405 0.007329 0.491768 
0.011766 0.011766 0.011766 0.964703 
0.250000 0.250000 0.250000 0.250000 
 220
0.479817 0.007025 0.046210 
0.462778 0.985646 0.462022 
0.057405 0.007329 0.491768 
0.956257 0.011766 0.011766 0.020212 
0.250000 0.250000 0.250000 0.250000 
 221
0.479817 0.007025 0.046210 
0.462778 0.985646 0.462022 
0.057405 0.007329 0.491768 
0.964703 0.011766 0.011766 0.011766 
0.250000 0.250000 0.250000 0.250000 
 222
0.479817 0.007025 0.046210 
0.462778 0.985646 0.462022 
0.057405 0.007329 0.491768 
0.964703 0.011766 0.011766 0.011766 
0.250000 0.250000 0.250000 0.250000 
 223
0.479817 0.007025 0.046210 
0.462778 0.985646 0.462022 
0.057405 0.007329 0.491768 
0.964703 0.011766 0.011766 0.011766 
0.250000 0.250000 0.250000 0.250000 
 224
0.479817 0.007025 0.046210 
0.462778 0.985646 0.462022 
0.057405 0.007329 0.491768 
0.011766 0.011766 0.964703 0.011766 
0.250000 0.250000 0.250000 0.250000 
 225
0.479817 0.007025 0.046210 
0.462778 0.985646 0.462022 
0.057405 0.007329 0.491768 
0.011766 0.011766 0.011766 0.964703 
0.250000 0.250000 0.250000 0.250000 
 226
0.479817 0.007025 0.046210 
0.462778 0.985646 0.462022 
0.057405 0.007329 0.491768 
0.964703 0.011766 0.011766 0.011766 
0.250000 0.250000 0.250000 0.250000 
 227
0.479817 0.007025 0.046210 
0.462778 0.985646 0.462022 
0.057405 0.007329 0.491768 
0.964703 0.011766 0.011766 0.011766 
0.250000 0.250000 0.250000 0.250000 
 228
0.479817 0.007025 0.046210 
0.462778 0.985646 0.462022 
0.057405 0.007329 0.491768 
0.011766 0.011766 0.011766 0.964703 
0.250000 0.250000 0.250000 0.250000 
 229
0.479817 0.007025 0.046210 
0.462778 0.985646 0.462022 
0.057405 0.007329 0.491768 
0.964703 0.011766 0.011766 0.011766 
0.250000 0.250000 0.250000 0.250000 
 230
0.479817 0.007025 0.046210 
0.462778 0.985646 0.462022 
0.057405 0.007329 0.491768 
0.011766 0.964703 0.011766 0.011766 
0.250000 0.250000 0.250000 0.250000 
 231
0.479817 0.007025 0.046210 
0.462778 0.985646 0.462022 
0.057405 0.007329 0.491768 
0.964703 0.011766 0.011766 0.011766 
0.250000 0.250000 0.250000 0.250000 
 232
0.479817 0.007025 0.046210 
0.462778 0.985646 0.462022 
0.057405 0.007329 0.491768 
0.011766 0.964703 0.011766 0.011766 
0.250000 0.250000 0.250000 0.250000 
 233
0.479817 0.007025 0.046210 
0.462778 0.985646 0.462022 
0.057405 0.007329 0.491768 
0.011766 0.011766 0.964703 0.011766 
0.250000 0.250000 0.250000 0.250000 
 234
0.479817 0.007025 0.046210 
0.462778 0.985646 0.462022 
0.057405 0.007329 0.491768 
0.964703 0.011766 0.011766 0.011766 
0.250000 0.250000 0.250000 0.250000 
 235
0.479817 0.007025 0.046210 
0.462778 0.985646 0.462022 
0.057405 0.007329 0.491768 
0.011766 0.964703 0.011766 0.011766 
0.250000 0.250000 0.250000 0.250000 
 236
0.479817 0.007025 0.046210 
